 ----------------   CP     1,     Type (3,-3)   ----------------
 Corresponding nucleus:    26(H )
 Position (Bohr):       -5.655991571874  -10.017870735847    0.000000000000
 Position (Angstrom):   -2.993021844895   -5.301228895182    0.000000000000
 Density of all electrons:  0.4339748936E+00
 Density of Alpha electrons:  0.2169874468E+00
 Density of Beta electrons:  0.2169874468E+00
 Spin density of electrons:  0.0000000000E+00
 Lagrangian kinetic energy G(r):  0.6770341134E-02
 G(r) in X,Y,Z:  0.1647350800E-02  0.1283296982E-02  0.3839693352E-02
 Hamiltonian kinetic energy K(r):  0.4747961587E+01
 Potential energy density V(r): -0.4754731928E+01
 Energy density E(r) or H(r): -0.4747961587E+01
 Laplacian of electron density: -0.1896476498E+02
 Electron localization function (ELF):  0.9999098889E+00
 Localized orbital locator (LOL):  0.9906098985E+00
 Local information entropy:  0.1833998157E-01
 Interaction region indicator (IRI):  0.7107741183E-14
 Reduced density gradient (RDG):  0.1000000000E+03
 Reduced density gradient with promolecular approximation:  0.1000000000E+03
 Sign(lambda2)*rho: -0.4339748936E+00
 Sign(lambda2)*rho with promolecular approximation: -0.2918426011E+00
 Corr. hole for alpha, ref.:   0.00000   0.00000   0.00000 : -0.3635064153E-05
 Source function, ref.:   0.00000   0.00000   0.00000 :  0.1311834207E+00
 Wavefunction value for orbital       1 : -0.2967660522E-05
 Average local ionization energy (ALIE):  0.5735152650E+00
 van der Waals potential (probe atom: C ):  0.6413489381E+25 kcal/mol
 Delta-g (under promolecular approximation):  0.1136077743E+00
 Delta-g (under Hirshfeld partition):  0.2430013269E+00
 User-defined real space function:  0.1000000000E+01
 ESP from nuclear charges:  0.3969750272E+02
 
 Note: Below information is for electron density
 
 Components of gradient in x/y/z are:
 -0.2460000519E-14  0.1414233314E-14  0.0000000000E+00
 Norm of gradient is:  0.2837544435E-14
 
 Components of Laplacian in x/y/z are:
 -0.6475785438E+01 -0.5937384676E+01 -0.6551594869E+01
 Total: -0.1896476498E+02
 
 Hessian matrix:
 -0.6475785438E+01  0.2409490607E+00  0.0000000000E+00
  0.2409490607E+00 -0.5937384676E+01  0.0000000000E+00
  0.0000000000E+00  0.0000000000E+00 -0.6551594869E+01
 Eigenvalues of Hessian: -0.6567867904E+01 -0.6551594869E+01 -0.5845302210E+01
 Eigenvectors (columns) of Hessian:
 -0.9341101694E+00  0.0000000000E+00 -0.3569848616E+00
  0.3569848616E+00  0.0000000000E+00 -0.9341101694E+00
  0.0000000000E+00  0.1000000000E+01  0.0000000000E+00
 Determinant of Hessian: -0.2515234106E+03
 Ellipticity of electron density:    0.002484
 eta index:   -1.123615
 Stiffness:   -1.120831
 
 Stress tensor:
 -0.1622241061E+01  0.6056347861E-01  0.0000000000E+00
  0.6056347861E-01 -0.1486912763E+01  0.0000000000E+00
  0.0000000000E+00  0.0000000000E+00 -0.1645578104E+01
 Eigenvalues of stress tensor: -0.1645578104E+01 -0.1645386449E+01 -0.1463767375E+01
 Eigenvectors (columns) of stress tensor:
  0.0000000000E+00 -0.9341096343E+00 -0.3569862618E+00
  0.0000000000E+00  0.3569862618E+00 -0.9341096343E+00
  0.1000000000E+01  0.0000000000E+00  0.0000000000E+00
 Stress tensor stiffness:    1.124207
 Stress tensor polarizability:    0.889516
 
 ----------------   CP     2,     Type (3,-3)   ----------------
 Corresponding nucleus:    18(C )
 Position (Bohr):       -4.915675035584   -8.181152080555    0.000000000000
 Position (Angstrom):   -2.601263205036   -4.329279239962    0.000000000000
 Density of all electrons:  0.1178863798E+03
 Density of Alpha electrons:  0.5894318991E+02
 Density of Beta electrons:  0.5894318991E+02
 Spin density of electrons:  0.0000000000E+00
 Lagrangian kinetic energy G(r):  0.5081402828E+01
 G(r) in X,Y,Z:  0.1754051505E+01  0.1740861619E+01  0.1586489704E+01
 Hamiltonian kinetic energy K(r):  0.1089446566E+06
 Potential energy density V(r): -0.1089497380E+06
 Energy density E(r) or H(r): -0.1089446566E+06
 Laplacian of electron density: -0.4357583006E+06
 Electron localization function (ELF):  0.9999996101E+00
 Localized orbital locator (LOL):  0.9993759713E+00
 Local information entropy:  0.1238965118E+00
 Interaction region indicator (IRI):  0.2593656319E-12
 Reduced density gradient (RDG):  0.1000000000E+03
 Reduced density gradient with promolecular approximation:  0.1000000000E+03
 Sign(lambda2)*rho: -0.1178863798E+03
 Sign(lambda2)*rho with promolecular approximation: -0.1213921746E+03
 Corr. hole for alpha, ref.:   0.00000   0.00000   0.00000 : -0.4458673336E-04
 Source function, ref.:   0.00000   0.00000   0.00000 :  0.3633191348E+04
 Wavefunction value for orbital       1 : -0.4159700470E-05
 Average local ionization energy (ALIE):  0.1025627745E+02
 van der Waals potential (probe atom: C ):  0.7450749135E+74 kcal/mol
 Delta-g (under promolecular approximation):  0.5373686478E-01
 Delta-g (under Hirshfeld partition):  0.6706063649E-01
 User-defined real space function:  0.1000000000E+01
 ESP from nuclear charges:  0.1424848575E+07
 
 Note: Below information is for electron density
 
 Components of gradient in x/y/z are:
 -0.1845745778E-11  0.4922858822E-10  0.0000000000E+00
 Norm of gradient is:  0.4926317768E-10
 
 Components of Laplacian in x/y/z are:
 -0.1452528063E+06 -0.1452527448E+06 -0.1452527494E+06
 Total: -0.4357583006E+06
 
 Hessian matrix:
 -0.1452528063E+06  0.6367976264E+00  0.0000000000E+00
  0.6367976264E+00 -0.1452527448E+06  0.0000000000E+00
  0.0000000000E+00  0.0000000000E+00 -0.1452527494E+06
 Eigenvalues of Hessian: -0.1452534131E+06 -0.1452527494E+06 -0.1452521380E+06
 Eigenvectors (columns) of Hessian:
 -0.7239569592E+00  0.0000000000E+00 -0.6898451429E+00
  0.6898451429E+00  0.0000000000E+00 -0.7239569592E+00
  0.0000000000E+00  0.1000000000E+01  0.0000000000E+00
 Determinant of Hessian: -0.3064596079E+16
 Ellipticity of electron density:    0.000005
 eta index:   -1.000009
 Stiffness:   -1.000004
 
 Stress tensor:
 -0.3631670968E+05 -0.2341752286E+00  0.0000000000E+00
 -0.2341752286E+00 -0.3631666793E+05  0.0000000000E+00
  0.0000000000E+00  0.0000000000E+00 -0.3631636034E+05
 Eigenvalues of stress tensor: -0.3631692391E+05 -0.3631645370E+05 -0.3631636034E+05
 Eigenvectors (columns) of stress tensor:
 -0.7378337552E+00  0.6749824811E+00  0.0000000000E+00
 -0.6749824811E+00 -0.7378337552E+00  0.0000000000E+00
  0.0000000000E+00  0.0000000000E+00  0.1000000000E+01
 Stress tensor stiffness:    1.000016
 Stress tensor polarizability:    0.999984
 
 ----------------   CP     3,     Type (3,-3)   ----------------
 Corresponding nucleus:    21(N )
 Position (Bohr):       -2.572889505813   -7.607587591632    0.000000000000
 Position (Angstrom):   -1.361514492648   -4.025761983440    0.000000000000
 Density of all electrons:  0.1915687300E+03
 Density of Alpha electrons:  0.9578436500E+02
 Density of Beta electrons:  0.9578436500E+02
 Spin density of electrons:  0.0000000000E+00
 Lagrangian kinetic energy G(r):  0.1645223990E+02
 G(r) in X,Y,Z:  0.6179594902E+01  0.5524425408E+01  0.4748219587E+01
 Hamiltonian kinetic energy K(r):  0.2418250685E+06
 Potential energy density V(r): -0.2418415207E+06
 Energy density E(r) or H(r): -0.2418250685E+06
 Laplacian of electron density: -0.9672344649E+06
 Electron localization function (ELF):  0.9999991899E+00
 Localized orbital locator (LOL):  0.9991007274E+00
 Local information entropy: -0.4825725642E+00
 Interaction region indicator (IRI):  0.2683604006E-12
 Reduced density gradient (RDG):  0.1000000000E+03
 Reduced density gradient with promolecular approximation:  0.1000000000E+03
 Sign(lambda2)*rho: -0.1915687300E+03
 Sign(lambda2)*rho with promolecular approximation: -0.1931429289E+03
 Corr. hole for alpha, ref.:   0.00000   0.00000   0.00000 : -0.5443316159E-03
 Source function, ref.:   0.00000   0.00000   0.00000 :  0.9584255276E+04
 Wavefunction value for orbital       1 :  0.7485097529E-05
 Average local ionization energy (ALIE):  0.1415845623E+02
 van der Waals potential (probe atom: C ):  0.1875288215E+69 kcal/mol
 Delta-g (under promolecular approximation):  0.6390361736E-01
 Delta-g (under Hirshfeld partition):  0.9311448139E-01
 User-defined real space function:  0.1000000000E+01
 ESP from nuclear charges:  0.5926156378E+06
 
 Note: Below information is for electron density
 
 Components of gradient in x/y/z are:
 -0.6100586702E-10  0.6195799429E-10  0.0000000000E+00
 Norm of gradient is:  0.8695118670E-10
 
 Components of Laplacian in x/y/z are:
 -0.3224087576E+06 -0.3224114389E+06 -0.3224142684E+06
 Total: -0.9672344649E+06
 
 Hessian matrix:
 -0.3224087576E+06 -0.3864124936E+01  0.0000000000E+00
 -0.3864124936E+01 -0.3224114389E+06  0.0000000000E+00
  0.0000000000E+00  0.0000000000E+00 -0.3224142684E+06
 Eigenvalues of Hessian: -0.3224142684E+06 -0.3224141883E+06 -0.3224060081E+06
 Eigenvectors (columns) of Hessian:
  0.0000000000E+00  0.5797497126E+00 -0.8147946188E+00
  0.0000000000E+00  0.8147946188E+00  0.5797497126E+00
  0.1000000000E+01  0.0000000000E+00  0.0000000000E+00
 Determinant of Hessian: -0.3351440589E+17
 Ellipticity of electron density:    0.000000
 eta index:   -1.000026
 Stiffness:   -1.000025
 
 Stress tensor:
 -0.8061454859E+05  0.7631733306E+00  0.0000000000E+00
  0.7631733306E+00 -0.8061390857E+05  0.0000000000E+00
  0.0000000000E+00  0.0000000000E+00 -0.8061306355E+05
 Eigenvalues of stress tensor: -0.8061505613E+05 -0.8061340103E+05 -0.8061306355E+05
 Eigenvectors (columns) of stress tensor:
 -0.8326740467E+00 -0.5537634260E+00  0.0000000000E+00
  0.5537634260E+00 -0.8326740467E+00  0.0000000000E+00
  0.0000000000E+00  0.0000000000E+00  0.1000000000E+01
 Stress tensor stiffness:    1.000025
 Stress tensor polarizability:    0.999975
 
 ----------------   CP     4,     Type (3,-3)   ----------------
 Corresponding nucleus:    27(H )
 Position (Bohr):       -8.285891644005   -6.064594968790    0.000000000000
 Position (Angstrom):   -4.384705030019   -3.209245450840    0.000000000000
 Density of all electrons:  0.4230233227E+00
 Density of Alpha electrons:  0.2115116613E+00
 Density of Beta electrons:  0.2115116613E+00
 Spin density of electrons:  0.0000000000E+00
 Lagrangian kinetic energy G(r):  0.1871450722E-01
 G(r) in X,Y,Z:  0.2629314304E-02  0.5262316545E-02  0.1082287638E-01
 Hamiltonian kinetic energy K(r):  0.4394320160E+01
 Potential energy density V(r): -0.4413034667E+01
 Energy density E(r) or H(r): -0.4394320160E+01
 Laplacian of electron density: -0.1750242261E+02
 Electron localization function (ELF):  0.9992521560E+00
 Localized orbital locator (LOL):  0.9733853500E+00
 Local information entropy:  0.1795666461E-01
 Interaction region indicator (IRI):  0.5231938836E-14
 Reduced density gradient (RDG):  0.1000000000E+03
 Reduced density gradient with promolecular approximation:  0.1000000000E+03
 Sign(lambda2)*rho: -0.4230233227E+00
 Sign(lambda2)*rho with promolecular approximation: -0.2938429162E+00
 Corr. hole for alpha, ref.:   0.00000   0.00000   0.00000 : -0.2358478302E-05
 Source function, ref.:   0.00000   0.00000   0.00000 :  0.1356423350E+00
 Wavefunction value for orbital       1 :  0.2489781867E-05
 Average local ionization energy (ALIE):  0.7078562675E+00
 van der Waals potential (probe atom: C ):  0.1084508202E+24 kcal/mol
 Delta-g (under promolecular approximation):  0.1874233890E+00
 Delta-g (under Hirshfeld partition):  0.3894076564E+00
 User-defined real space function:  0.1000000000E+01
 ESP from nuclear charges:  0.3484070947E+02
 
 Note: Below information is for electron density
 
 Components of gradient in x/y/z are:
  0.1707449015E-16 -0.2030710669E-14  0.0000000000E+00
 Norm of gradient is:  0.2030782450E-14
 
 Components of Laplacian in x/y/z are:
 -0.5024355815E+01 -0.6250700760E+01 -0.6227366036E+01
 Total: -0.1750242261E+02
 
 Hessian matrix:
 -0.5024355815E+01 -0.2780048514E-01  0.0000000000E+00
 -0.2780048514E-01 -0.6250700760E+01  0.0000000000E+00
  0.0000000000E+00  0.0000000000E+00 -0.6227366036E+01
 Eigenvalues of Hessian: -0.6251330657E+01 -0.6227366036E+01 -0.5023725919E+01
 Eigenvectors (columns) of Hessian:
  0.2265193297E-01  0.0000000000E+00 -0.9997434120E+00
  0.9997434120E+00  0.0000000000E+00  0.2265193297E-01
  0.0000000000E+00  0.1000000000E+01  0.0000000000E+00
 Determinant of Hessian: -0.1955702551E+03
 Ellipticity of electron density:    0.003848
 eta index:   -1.244361
 Stiffness:   -1.239591
 
 Stress tensor:
 -0.1261347582E+01 -0.7111394100E-02  0.0000000000E+00
 -0.7111394100E-02 -0.1573199823E+01  0.0000000000E+00
  0.0000000000E+00  0.0000000000E+00 -0.1578487262E+01
 Eigenvalues of stress tensor: -0.1578487262E+01 -0.1573361905E+01 -0.1261185500E+01
 Eigenvectors (columns) of stress tensor:
  0.0000000000E+00  0.2278596597E-01 -0.9997403662E+00
  0.0000000000E+00  0.9997403662E+00  0.2278596597E-01
  0.1000000000E+01  0.0000000000E+00  0.0000000000E+00
 Stress tensor stiffness:    1.251590
 Stress tensor polarizability:    0.798984
 
 ----------------   CP     5,     Type (3,-3)   ----------------
 Corresponding nucleus:    22(N )
 Position (Bohr):       -6.471237572178   -6.095975346299    0.000000000000
 Position (Angstrom):   -3.424431449536   -3.225851231488    0.000000000000
 Density of all electrons:  0.1909913801E+03
 Density of Alpha electrons:  0.9549569006E+02
 Density of Beta electrons:  0.9549569006E+02
 Spin density of electrons:  0.0000000000E+00
 Lagrangian kinetic energy G(r):  0.1747440535E+02
 G(r) in X,Y,Z:  0.5424112574E+01  0.5420027513E+01  0.6630265262E+01
 Hamiltonian kinetic energy K(r):  0.2410426590E+06
 Potential energy density V(r): -0.2410601334E+06
 Energy density E(r) or H(r): -0.2410426590E+06
 Laplacian of electron density: -0.9641007382E+06
 Electron localization function (ELF):  0.9999990768E+00
 Localized orbital locator (LOL):  0.9990400975E+00
 Local information entropy: -0.4768793708E+00
 Interaction region indicator (IRI):  0.4954139106E-12
 Reduced density gradient (RDG):  0.1000000000E+03
 Reduced density gradient with promolecular approximation:  0.1000000000E+03
 Sign(lambda2)*rho: -0.1909913801E+03
 Sign(lambda2)*rho with promolecular approximation: -0.1931766774E+03
 Corr. hole for alpha, ref.:   0.00000   0.00000   0.00000 : -0.1040225352E-03
 Source function, ref.:   0.00000   0.00000   0.00000 :  0.8629687002E+04
 Wavefunction value for orbital       1 :  0.1932431902E-04
 Average local ionization energy (ALIE):  0.1426681638E+02
 van der Waals potential (probe atom: C ):  0.3189747593E+88 kcal/mol
 Delta-g (under promolecular approximation):  0.4451773368E-01
 Delta-g (under Hirshfeld partition):  0.6288623800E-01
 User-defined real space function:  0.1000000000E+01
 ESP from nuclear charges:  0.2373105109E+08
 
 Note: Below information is for electron density
 
 Components of gradient in x/y/z are:
  0.7322904089E-10 -0.1422434115E-09  0.0000000000E+00
 Norm of gradient is:  0.1599865011E-09
 
 Components of Laplacian in x/y/z are:
 -0.3213688798E+06 -0.3213687195E+06 -0.3213631389E+06
 Total: -0.9641007382E+06
 
 Hessian matrix:
 -0.3213688798E+06 -0.1407221019E+00  0.0000000000E+00
 -0.1407221019E+00 -0.3213687195E+06  0.0000000000E+00
  0.0000000000E+00  0.0000000000E+00 -0.3213631389E+06
 Eigenvalues of Hessian: -0.3213689616E+06 -0.3213686377E+06 -0.3213631389E+06
 Eigenvectors (columns) of Hessian:
 -0.8645180387E+00  0.5026017915E+00  0.0000000000E+00
 -0.5026017915E+00 -0.8645180387E+00  0.0000000000E+00
  0.0000000000E+00  0.0000000000E+00  0.1000000000E+01
 Determinant of Hessian: -0.3318971185E+17
 Ellipticity of electron density:    0.000001
 eta index:   -1.000018
 Stiffness:   -1.000017
 
 Stress tensor:
 -0.8035306817E+05  0.2913311755E-01  0.0000000000E+00
  0.2913311755E-01 -0.8035301994E+05  0.0000000000E+00
  0.0000000000E+00  0.0000000000E+00 -0.8035404524E+05
 Eigenvalues of stress tensor: -0.8035404524E+05 -0.8035308188E+05 -0.8035300624E+05
 Eigenvectors (columns) of stress tensor:
  0.0000000000E+00 -0.9048895724E+00 -0.4256464046E+00
  0.0000000000E+00  0.4256464046E+00 -0.9048895724E+00
  0.1000000000E+01  0.0000000000E+00  0.0000000000E+00
 Stress tensor stiffness:    1.000013
 Stress tensor polarizability:    0.999987
 
 ----------------   CP     6,     Type (3,-3)   ----------------
 Corresponding nucleus:    17(C )
 Position (Bohr):       -2.530010472000   -4.996633770233    0.000000000000
 Position (Angstrom):   -1.338823885128   -2.644104722436    0.000000000000
 Density of all electrons:  0.1178496972E+03
 Density of Alpha electrons:  0.5892484860E+02
 Density of Beta electrons:  0.5892484860E+02
 Spin density of electrons:  0.0000000000E+00
 Lagrangian kinetic energy G(r):  0.5295918994E+01
 G(r) in X,Y,Z:  0.1848799072E+01  0.1682897347E+01  0.1764222575E+01
 Hamiltonian kinetic energy K(r):  0.1089212381E+06
 Potential energy density V(r): -0.1089265341E+06
 Energy density E(r) or H(r): -0.1089212381E+06
 Laplacian of electron density: -0.4356637689E+06
 Electron localization function (ELF):  0.9999995760E+00
 Localized orbital locator (LOL):  0.9993493073E+00
 Local information entropy:  0.1241276422E+00
 Interaction region indicator (IRI):  0.3303643192E-12
 Reduced density gradient (RDG):  0.1000000000E+03
 Reduced density gradient with promolecular approximation:  0.1000000000E+03
 Sign(lambda2)*rho: -0.1178496972E+03
 Sign(lambda2)*rho with promolecular approximation: -0.1213966157E+03
 Corr. hole for alpha, ref.:   0.00000   0.00000   0.00000 : -0.1953348740E-02
 Source function, ref.:   0.00000   0.00000   0.00000 :  0.6190176004E+04
 Wavefunction value for orbital       1 :  0.1019141552E-04
 Average local ionization energy (ALIE):  0.1020786115E+02
 van der Waals potential (probe atom: C ):  0.5227296295E+78 kcal/mol
 Delta-g (under promolecular approximation):  0.4548695764E-01
 Delta-g (under Hirshfeld partition):  0.5523004630E-01
 User-defined real space function:  0.1000000000E+01
 ESP from nuclear charges:  0.2980388512E+07
 
 Note: Below information is for electron density
 
 Components of gradient in x/y/z are:
 -0.1138689143E-10 -0.6168479616E-10  0.0000000000E+00
 Norm of gradient is:  0.6272699079E-10
 
 Components of Laplacian in x/y/z are:
 -0.1452211288E+06 -0.1452218041E+06 -0.1452208360E+06
 Total: -0.4356637689E+06
 
 Hessian matrix:
 -0.1452211288E+06  0.3565523366E-01  0.0000000000E+00
  0.3565523366E-01 -0.1452218041E+06  0.0000000000E+00
  0.0000000000E+00  0.0000000000E+00 -0.1452208360E+06
 Eigenvalues of Hessian: -0.1452218060E+06 -0.1452211269E+06 -0.1452208360E+06
 Eigenvectors (columns) of Hessian:
 -0.5257963939E-01 -0.9986167340E+00  0.0000000000E+00
  0.9986167340E+00 -0.5257963939E-01  0.0000000000E+00
  0.0000000000E+00  0.0000000000E+00  0.1000000000E+01
 Determinant of Hessian: -0.3062602047E+16
 Ellipticity of electron density:    0.000005
 eta index:   -1.000007
 Stiffness:   -1.000002
 
 Stress tensor:
 -0.3630897979E+05 -0.4696667110E-01  0.0000000000E+00
 -0.4696667110E-01 -0.3630881681E+05  0.0000000000E+00
  0.0000000000E+00  0.0000000000E+00 -0.3630873746E+05
 Eigenvalues of stress tensor: -0.3630899236E+05 -0.3630880425E+05 -0.3630873746E+05
 Eigenvectors (columns) of stress tensor:
 -0.9660221772E+00  0.2584591905E+00  0.0000000000E+00
 -0.2584591905E+00 -0.9660221772E+00  0.0000000000E+00
  0.0000000000E+00  0.0000000000E+00  0.1000000000E+01
 Stress tensor stiffness:    1.000007
 Stress tensor polarizability:    0.999993
 
 ----------------   CP     7,     Type (3,-3)   ----------------
 Corresponding nucleus:    16(C )
 Position (Bohr):       -4.944270821408   -4.042865832219    0.000000000000
 Position (Angstrom):   -2.616395443222   -2.139392465149    0.000000000000
 Density of all electrons:  0.1178813200E+03
 Density of Alpha electrons:  0.5894066001E+02
 Density of Beta electrons:  0.5894066001E+02
 Spin density of electrons:  0.0000000000E+00
 Lagrangian kinetic energy G(r):  0.5103591915E+01
 G(r) in X,Y,Z:  0.1861027342E+01  0.1742908626E+01  0.1499655948E+01
 Hamiltonian kinetic energy K(r):  0.1089407137E+06
 Potential energy density V(r): -0.1089458173E+06
 Energy density E(r) or H(r): -0.1089407137E+06
 Laplacian of electron density: -0.4357424406E+06
 Electron localization function (ELF):  0.9999996066E+00
 Localized orbital locator (LOL):  0.9993732033E+00
 Local information entropy:  0.1239283977E+00
 Interaction region indicator (IRI):  0.2946345410E-12
 Reduced density gradient (RDG):  0.1000000000E+03
 Reduced density gradient with promolecular approximation:  0.1000000000E+03
 Sign(lambda2)*rho: -0.1178813200E+03
 Sign(lambda2)*rho with promolecular approximation: -0.1213928569E+03
 Corr. hole for alpha, ref.:   0.00000   0.00000   0.00000 : -0.1285875914E-02
 Source function, ref.:   0.00000   0.00000   0.00000 :  0.5429252843E+04
 Wavefunction value for orbital       1 :  0.3292738762E-06
 Average local ionization energy (ALIE):  0.1026781821E+02
 van der Waals potential (probe atom: C ):  0.2930552132E+73 kcal/mol
 Delta-g (under promolecular approximation):  0.5614882577E-01
 Delta-g (under Hirshfeld partition):  0.6404757682E-01
 User-defined real space function:  0.1000000000E+01
 ESP from nuclear charges:  0.1088097886E+07
 
 Note: Below information is for electron density
 
 Components of gradient in x/y/z are:
 -0.4005012988E-10 -0.3908251500E-10  0.0000000000E+00
 Norm of gradient is:  0.5595941281E-10
 
 Components of Laplacian in x/y/z are:
 -0.1452469811E+06 -0.1452476038E+06 -0.1452478556E+06
 Total: -0.4357424406E+06
 
 Hessian matrix:
 -0.1452469811E+06 -0.4688768122E+00  0.0000000000E+00
 -0.4688768122E+00 -0.1452476038E+06  0.0000000000E+00
  0.0000000000E+00  0.0000000000E+00 -0.1452478556E+06
 Eigenvalues of Hessian: -0.1452478556E+06 -0.1452478553E+06 -0.1452467296E+06
 Eigenvectors (columns) of Hessian:
  0.0000000000E+00  0.4726565038E+00 -0.8812467472E+00
  0.0000000000E+00  0.8812467472E+00  0.4726565038E+00
  0.1000000000E+01  0.0000000000E+00  0.0000000000E+00
 Determinant of Hessian: -0.3064261471E+16
 Ellipticity of electron density:    0.000000
 eta index:   -1.000008
 Stiffness:   -1.000008
 
 Stress tensor:
 -0.3631546733E+05  0.1572471820E+00  0.0000000000E+00
  0.1572471820E+00 -0.3631538678E+05  0.0000000000E+00
  0.0000000000E+00  0.0000000000E+00 -0.3631496322E+05
 Eigenvalues of stress tensor: -0.3631558938E+05 -0.3631526473E+05 -0.3631496322E+05
 Eigenvectors (columns) of stress tensor:
 -0.7899808767E+00 -0.6131314822E+00  0.0000000000E+00
  0.6131314822E+00 -0.7899808767E+00  0.0000000000E+00
  0.0000000000E+00  0.0000000000E+00  0.1000000000E+01
 Stress tensor stiffness:    1.000017
 Stress tensor polarizability:    0.999983
 
 ----------------   CP     8,     Type (3,-3)   ----------------
 Corresponding nucleus:    24(O )
 Position (Bohr):        1.773190367140   -3.654781960876    0.000000000000
 Position (Angstrom):    0.938331932883   -1.934027324515    0.000000000000
 Density of all electrons:  0.2906527747E+03
 Density of Alpha electrons:  0.1453263873E+03
 Density of Beta electrons:  0.1453263873E+03
 Spin density of electrons:  0.0000000000E+00
 Lagrangian kinetic energy G(r):  0.4608797957E+02
 G(r) in X,Y,Z:  0.1377329937E+02  0.1797734862E+02  0.1433733159E+02
 Hamiltonian kinetic energy K(r):  0.4808384699E+06
 Potential energy density V(r): -0.4808845579E+06
 Energy density E(r) or H(r): -0.4808384699E+06
 Laplacian of electron density: -0.1923169528E+07
 Electron localization function (ELF):  0.9999984159E+00
 Localized orbital locator (LOL):  0.9987429612E+00
 Local information entropy: -0.1623112924E+01
 Interaction region indicator (IRI):  0.9765877473E-13
 Reduced density gradient (RDG):  0.1000000000E+03
 Reduced density gradient with promolecular approximation:  0.1000000000E+03
 Sign(lambda2)*rho: -0.2906527747E+03
 Sign(lambda2)*rho with promolecular approximation: -0.2923585887E+03
 Corr. hole for alpha, ref.:   0.00000   0.00000   0.00000 : -0.5492369554E-02
 Source function, ref.:   0.00000   0.00000   0.00000 :  0.3767421512E+05
 Wavefunction value for orbital       1 :  0.7104355497E-04
 Average local ionization energy (ALIE):  0.1874557182E+02
 van der Waals potential (probe atom: C ):  0.3151092702E+70 kcal/mol
 Delta-g (under promolecular approximation):  0.6079014580E-01
 Delta-g (under Hirshfeld partition):  0.9607843880E-01
 User-defined real space function:  0.1000000000E+01
 ESP from nuclear charges:  0.8812771962E+06
 
 Note: Below information is for electron density
 
 Components of gradient in x/y/z are:
  0.5001729586E-10 -0.1868977195E-11  0.0000000000E+00
 Norm of gradient is:  0.5005220236E-10
 
 Components of Laplacian in x/y/z are:
 -0.6410630231E+06 -0.6410459433E+06 -0.6410605614E+06
 Total: -0.1923169528E+07
 
 Hessian matrix:
 -0.6410630231E+06  0.2430262605E+01  0.0000000000E+00
  0.2430262605E+01 -0.6410459433E+06  0.0000000000E+00
  0.0000000000E+00  0.0000000000E+00 -0.6410605614E+06
 Eigenvalues of Hessian: -0.6410633621E+06 -0.6410605614E+06 -0.6410456042E+06
 Eigenvectors (columns) of Hessian:
 -0.9904070244E+00  0.0000000000E+00 -0.1381807726E+00
  0.1381807726E+00  0.0000000000E+00 -0.9904070244E+00
  0.0000000000E+00  0.1000000000E+01  0.0000000000E+00
 Determinant of Hessian: -0.2634443828E+18
 Ellipticity of electron density:    0.000004
 eta index:   -1.000028
 Stiffness:   -1.000023
 
 Stress tensor:
 -0.1602933024E+06 -0.6264863935E+00  0.0000000000E+00
 -0.6264863935E+00 -0.1602974405E+06  0.0000000000E+00
  0.0000000000E+00  0.0000000000E+00 -0.1602938150E+06
 Eigenvalues of stress tensor: -0.1602975333E+06 -0.1602938150E+06 -0.1602932096E+06
 Eigenvectors (columns) of stress tensor:
  0.1464762080E+00  0.0000000000E+00 -0.9892141934E+00
  0.9892141934E+00  0.0000000000E+00  0.1464762080E+00
  0.0000000000E+00  0.1000000000E+01  0.0000000000E+00
 Stress tensor stiffness:    1.000027
 Stress tensor polarizability:    0.999973
 
 ----------------   CP     9,     Type (3,-3)   ----------------
 Corresponding nucleus:    14(C )
 Position (Bohr):       -0.477519913040   -3.249753502044    0.000000000000
 Position (Angstrom):   -0.252692655733   -1.719695494334    0.000000000000
 Density of all electrons:  0.1179122900E+03
 Density of Alpha electrons:  0.5895614500E+02
 Density of Beta electrons:  0.5895614500E+02
 Spin density of electrons:  0.0000000000E+00
 Lagrangian kinetic energy G(r):  0.4863027573E+01
 G(r) in X,Y,Z:  0.1923179565E+01  0.1657670449E+01  0.1282177559E+01
 Hamiltonian kinetic energy K(r):  0.1089659087E+06
 Potential energy density V(r): -0.1089707717E+06
 Energy density E(r) or H(r): -0.1089659087E+06
 Laplacian of electron density: -0.4358441827E+06
 Electron localization function (ELF):  0.9999996432E+00
 Localized orbital locator (LOL):  0.9994029918E+00
 Local information entropy:  0.1237332059E+00
 Interaction region indicator (IRI):  0.1231710753E-12
 Reduced density gradient (RDG):  0.1000000000E+03
 Reduced density gradient with promolecular approximation:  0.1000000000E+03
 Sign(lambda2)*rho: -0.1179122900E+03
 Sign(lambda2)*rho with promolecular approximation: -0.1213912221E+03
 Corr. hole for alpha, ref.:   0.00000   0.00000   0.00000 : -0.1713156589E-02
 Source function, ref.:   0.00000   0.00000   0.00000 :  0.1055923222E+05
 Wavefunction value for orbital       1 : -0.2294239089E-05
 Average local ionization energy (ALIE):  0.1030826017E+02
 van der Waals potential (probe atom: C ):  0.4600942055E+74 kcal/mol
 Delta-g (under promolecular approximation):  0.6045412547E-01
 Delta-g (under Hirshfeld partition):  0.7278770197E-01
 User-defined real space function:  0.1000000000E+01
 ESP from nuclear charges:  0.1368751309E+07
 
 Note: Below information is for electron density
 
 Components of gradient in x/y/z are:
 -0.2668323895E-11 -0.2324779258E-10  0.0000000000E+00
 Norm of gradient is:  0.2340042333E-10
 
 Components of Laplacian in x/y/z are:
 -0.1452806504E+06 -0.1452812381E+06 -0.1452822943E+06
 Total: -0.4358441827E+06
 
 Hessian matrix:
 -0.1452806504E+06  0.4312086336E+00  0.0000000000E+00
  0.4312086336E+00 -0.1452812381E+06  0.0000000000E+00
  0.0000000000E+00  0.0000000000E+00 -0.1452822943E+06
 Eigenvalues of Hessian: -0.1452822943E+06 -0.1452814660E+06 -0.1452804224E+06
 Eigenvectors (columns) of Hessian:
  0.0000000000E+00 -0.4673706663E+00 -0.8840614573E+00
  0.0000000000E+00  0.8840614573E+00 -0.4673706663E+00
  0.1000000000E+01  0.0000000000E+00  0.0000000000E+00
 Determinant of Hessian: -0.3066408409E+16
 Ellipticity of electron density:    0.000006
 eta index:   -1.000013
 Stiffness:   -1.000007
 
 Stress tensor:
 -0.3632400896E+05 -0.1118519715E+00  0.0000000000E+00
 -0.1118519715E+00 -0.3632362486E+05  0.0000000000E+00
  0.0000000000E+00  0.0000000000E+00 -0.3632313792E+05
 Eigenvalues of stress tensor: -0.3632403915E+05 -0.3632359466E+05 -0.3632313792E+05
 Eigenvectors (columns) of stress tensor:
 -0.9654332236E+00  0.2606505146E+00  0.0000000000E+00
 -0.2606505146E+00 -0.9654332236E+00  0.0000000000E+00
  0.0000000000E+00  0.0000000000E+00  0.1000000000E+01
 Stress tensor stiffness:    1.000025
 Stress tensor polarizability:    0.999975
 
 ----------------   CP    10,     Type (3,-3)   ----------------
 Corresponding nucleus:    20(N )
 Position (Bohr):       -5.705103194991   -1.619295354737    0.000000000000
 Position (Angstrom):   -3.019010596639   -0.856894199448    0.000000000000
 Density of all electrons:  0.1914320332E+03
 Density of Alpha electrons:  0.9571601660E+02
 Density of Beta electrons:  0.9571601660E+02
 Spin density of electrons:  0.0000000000E+00
 Lagrangian kinetic energy G(r):  0.1682436293E+02
 G(r) in X,Y,Z:  0.6330210507E+01  0.4929714815E+01  0.5564437604E+01
 Hamiltonian kinetic energy K(r):  0.2416647793E+06
 Potential energy density V(r): -0.2416816037E+06
 Energy density E(r) or H(r): -0.2416647793E+06
 Laplacian of electron density: -0.9665918198E+06
 Electron localization function (ELF):  0.9999991508E+00
 Localized orbital locator (LOL):  0.9990793123E+00
 Local information entropy: -0.4812234524E+00
 Interaction region indicator (IRI):  0.2939371838E-12
 Reduced density gradient (RDG):  0.1000000000E+03
 Reduced density gradient with promolecular approximation:  0.1000000000E+03
 Sign(lambda2)*rho: -0.1914320332E+03
 Sign(lambda2)*rho with promolecular approximation: -0.1931434170E+03
 Corr. hole for alpha, ref.:   0.00000   0.00000   0.00000 : -0.3365697404E-02
 Source function, ref.:   0.00000   0.00000   0.00000 :  0.1297015279E+05
 Wavefunction value for orbital       1 :  0.2895515344E-04
 Average local ionization energy (ALIE):  0.1416833935E+02
 van der Waals potential (probe atom: C ):  0.2459130327E+69 kcal/mol
 Delta-g (under promolecular approximation):  0.6137785740E-01
 Delta-g (under Hirshfeld partition):  0.8912091303E-01
 User-defined real space function:  0.1000000000E+01
 ESP from nuclear charges:  0.6061548089E+06
 
 Note: Below information is for electron density
 
 Components of gradient in x/y/z are:
  0.9037770532E-10  0.2979883007E-10  0.0000000000E+00
 Norm of gradient is:  0.9516354287E-10
 
 Components of Laplacian in x/y/z are:
 -0.3221941150E+06 -0.3222004849E+06 -0.3221972199E+06
 Total: -0.9665918198E+06
 
 Hessian matrix:
 -0.3221941150E+06 -0.2131383046E+01  0.0000000000E+00
 -0.2131383046E+01 -0.3222004849E+06  0.0000000000E+00
  0.0000000000E+00  0.0000000000E+00 -0.3221972199E+06
 Eigenvalues of Hessian: -0.3222011323E+06 -0.3221972199E+06 -0.3221934676E+06
 Eigenvectors (columns) of Hessian:
  0.2906248749E+00  0.0000000000E+00 -0.9568370719E+00
  0.9568370719E+00  0.0000000000E+00  0.2906248749E+00
  0.0000000000E+00  0.1000000000E+01  0.0000000000E+00
 Determinant of Hessian: -0.3344764784E+17
 Ellipticity of electron density:    0.000012
 eta index:   -1.000024
 Stiffness:   -1.000012
 
 Stress tensor:
 -0.8056118917E+05  0.3872800781E+00  0.0000000000E+00
  0.3872800781E+00 -0.8055998065E+05  0.0000000000E+00
  0.0000000000E+00  0.0000000000E+00 -0.8056043385E+05
 Eigenvalues of stress tensor: -0.8056130263E+05 -0.8056043385E+05 -0.8055986719E+05
 Eigenvectors (columns) of stress tensor:
 -0.9596670561E+00  0.0000000000E+00 -0.2811390074E+00
  0.2811390074E+00  0.0000000000E+00 -0.9596670561E+00
  0.0000000000E+00  0.1000000000E+01  0.0000000000E+00
 Stress tensor stiffness:    1.000018
 Stress tensor polarizability:    0.999982
 
 ----------------   CP    11,     Type (3,-3)   ----------------
 Corresponding nucleus:    19(N )
 Position (Bohr):       -1.353349957586   -0.763510859702    0.000000000000
 Position (Angstrom):   -0.716161955931   -0.404032547231    0.000000000000
 Density of all electrons:  0.1910323047E+03
 Density of Alpha electrons:  0.9551615234E+02
 Density of Beta electrons:  0.9551615234E+02
 Spin density of electrons:  0.0000000000E+00
 Lagrangian kinetic energy G(r):  0.1755655781E+02
 G(r) in X,Y,Z:  0.5364330248E+01  0.5511621863E+01  0.6680605697E+01
 Hamiltonian kinetic energy K(r):  0.2411071948E+06
 Potential energy density V(r): -0.2411247514E+06
 Energy density E(r) or H(r): -0.2411071948E+06
 Laplacian of electron density: -0.9643585531E+06
 Electron localization function (ELF):  0.9999990688E+00
 Localized orbital locator (LOL):  0.9990359330E+00
 Local information entropy: -0.4772825019E+00
 Interaction region indicator (IRI):  0.3043782179E-13
 Reduced density gradient (RDG):  0.1000000000E+03
 Reduced density gradient with promolecular approximation:  0.1000000000E+03
 Sign(lambda2)*rho: -0.1910323047E+03
 Sign(lambda2)*rho with promolecular approximation: -0.1931712821E+03
 Corr. hole for alpha, ref.:   0.00000   0.00000   0.00000 : -0.9659385237E+00
 Source function, ref.:   0.00000   0.00000   0.00000 :  0.4938722489E+05
 Wavefunction value for orbital       1 :  0.1936733135E-04
 Average local ionization energy (ALIE):  0.1424592359E+02
 van der Waals potential (probe atom: C ):  0.7665724986E+78 kcal/mol
 Delta-g (under promolecular approximation):  0.4843846533E-01
 Delta-g (under Hirshfeld partition):  0.7016628369E-01
 User-defined real space function:  0.1000000000E+01
 ESP from nuclear charges:  0.3747305401E+07
 
 Note: Below information is for electron density
 
 Components of gradient in x/y/z are:
  0.9129086376E-12 -0.9789280497E-11  0.0000000000E+00
 Norm of gradient is:  0.9831755430E-11
 
 Components of Laplacian in x/y/z are:
 -0.3214550923E+06 -0.3214544608E+06 -0.3214490000E+06
 Total: -0.9643585531E+06
 
 Hessian matrix:
 -0.3214550923E+06  0.6639174675E+00  0.0000000000E+00
  0.6639174675E+00 -0.3214544608E+06  0.0000000000E+00
  0.0000000000E+00  0.0000000000E+00 -0.3214490000E+06
 Eigenvalues of Hessian: -0.3214555117E+06 -0.3214540413E+06 -0.3214490000E+06
 Eigenvectors (columns) of Hessian:
 -0.8454345329E+00 -0.5340790678E+00  0.0000000000E+00
  0.5340790678E+00 -0.8454345329E+00  0.0000000000E+00
  0.0000000000E+00  0.0000000000E+00  0.1000000000E+01
 Determinant of Hessian: -0.3321634524E+17
 Ellipticity of electron density:    0.000005
 eta index:   -1.000020
 Stiffness:   -1.000016
 
 Stress tensor:
 -0.8037450174E+05 -0.1427012961E+00  0.0000000000E+00
 -0.1427012961E+00 -0.8037463843E+05  0.0000000000E+00
  0.0000000000E+00  0.0000000000E+00 -0.8037561122E+05
 Eigenvalues of stress tensor: -0.8037561122E+05 -0.8037472831E+05 -0.8037441186E+05
 Eigenvectors (columns) of stress tensor:
  0.0000000000E+00  0.5329335241E+00 -0.8461571124E+00
  0.0000000000E+00  0.8461571124E+00  0.5329335241E+00
  0.1000000000E+01  0.0000000000E+00  0.0000000000E+00
 Stress tensor stiffness:    1.000015
 Stress tensor polarizability:    0.999985
 
 ----------------   CP    12,     Type (3,-3)   ----------------
 Corresponding nucleus:    13(H )
 Position (Bohr):        4.564161115761   -1.253440101645    0.000000000000
 Position (Angstrom):    2.415250049351   -0.663291937023    0.000000000000
 Density of all electrons:  0.3897008797E+00
 Density of Alpha electrons:  0.1948504399E+00
 Density of Beta electrons:  0.1948504399E+00
 Spin density of electrons:  0.0000000000E+00
 Lagrangian kinetic energy G(r):  0.1995892252E-01
 G(r) in X,Y,Z:  0.5278516196E-02  0.4662277799E-02  0.1001812852E-01
 Hamiltonian kinetic energy K(r):  0.3941094282E+01
 Potential energy density V(r): -0.3961053204E+01
 Energy density E(r) or H(r): -0.3941094282E+01
 Laplacian of electron density: -0.1568454144E+02
 Electron localization function (ELF):  0.9988823260E+00
 Localized orbital locator (LOL):  0.9676480627E+00
 Local information entropy:  0.1677728392E-01
 Interaction region indicator (IRI):  0.3654123767E-14
 Reduced density gradient (RDG):  0.1000000000E+03
 Reduced density gradient with promolecular approximation:  0.1000000000E+03
 Sign(lambda2)*rho: -0.3897008797E+00
 Sign(lambda2)*rho with promolecular approximation: -0.2899730448E+00
 Corr. hole for alpha, ref.:   0.00000   0.00000   0.00000 : -0.4749497182E-05
 Source function, ref.:   0.00000   0.00000   0.00000 :  0.2637011271E+00
 Wavefunction value for orbital       1 : -0.5724394446E-05
 Average local ionization energy (ALIE):  0.6774247924E+00
 van der Waals potential (probe atom: C ):  0.4437776661E+23 kcal/mol
 Delta-g (under promolecular approximation):  0.1788671754E+00
 Delta-g (under Hirshfeld partition):  0.3533461515E+00
 User-defined real space function:  0.1000000000E+01
 ESP from nuclear charges:  0.3743795585E+02
 
 Note: Below information is for electron density
 
 Components of gradient in x/y/z are:
  0.1265806036E-14 -0.2778810168E-15  0.0000000000E+00
 Norm of gradient is:  0.1295948603E-14
 
 Components of Laplacian in x/y/z are:
 -0.5001783604E+01 -0.5056985127E+01 -0.5625772706E+01
 Total: -0.1568454144E+02
 
 Hessian matrix:
 -0.5001783604E+01  0.6215717134E+00  0.0000000000E+00
  0.6215717134E+00 -0.5056985127E+01  0.0000000000E+00
  0.0000000000E+00  0.0000000000E+00 -0.5625772706E+01
 Eigenvalues of Hessian: -0.5651568580E+01 -0.5625772706E+01 -0.4407200151E+01
 Eigenvectors (columns) of Hessian:
 -0.6912448640E+00  0.0000000000E+00 -0.7226206044E+00
  0.7226206044E+00  0.0000000000E+00 -0.6912448640E+00
  0.0000000000E+00  0.1000000000E+01  0.0000000000E+00
 Determinant of Hessian: -0.1401244619E+03
 Ellipticity of electron density:    0.004585
 eta index:   -1.282349
 Stiffness:   -1.276496
 
 Stress tensor:
 -0.1261002933E+01  0.1541660233E+00  0.0000000000E+00
  0.1541660233E+00 -0.1273570837E+01  0.0000000000E+00
  0.0000000000E+00  0.0000000000E+00 -0.1426479434E+01
 Eigenvalues of stress tensor: -0.1426479434E+01 -0.1421580925E+01 -0.1112992845E+01
 Eigenvectors (columns) of stress tensor:
  0.0000000000E+00 -0.6925578965E+00 -0.7213622946E+00
  0.0000000000E+00  0.7213622946E+00 -0.6925578965E+00
  0.1000000000E+01  0.0000000000E+00  0.0000000000E+00
 Stress tensor stiffness:    1.281661
 Stress tensor polarizability:    0.780238
 
 ----------------   CP    13,     Type (3,-3)   ----------------
 Corresponding nucleus:    15(C )
 Position (Bohr):       -3.819256719970   -0.035734903156    0.000000000000
 Position (Angstrom):   -2.021063618796   -0.018910096384    0.000000000000
 Density of all electrons:  0.1178103323E+03
 Density of Alpha electrons:  0.5890516613E+02
 Density of Beta electrons:  0.5890516613E+02
 Spin density of electrons:  0.0000000000E+00
 Lagrangian kinetic energy G(r):  0.4945710911E+01
 G(r) in X,Y,Z:  0.1735492065E+01  0.1820066931E+01  0.1390151915E+01
 Hamiltonian kinetic energy K(r):  0.1088594844E+06
 Potential energy density V(r): -0.1088644301E+06
 Energy density E(r) or H(r): -0.1088594844E+06
 Laplacian of electron density: -0.4354181547E+06
 Electron localization function (ELF):  0.9999996299E+00
 Localized orbital locator (LOL):  0.9993919718E+00
 Local information entropy:  0.1243755800E+00
 Interaction region indicator (IRI):  0.1678936850E-12
 Reduced density gradient (RDG):  0.1000000000E+03
 Reduced density gradient with promolecular approximation:  0.1000000000E+03
 Sign(lambda2)*rho: -0.1178103323E+03
 Sign(lambda2)*rho with promolecular approximation: -0.1213957684E+03
